VOC2007/JPEGImages/ance111.jpg 234,157,355,335,0
VOC2007/JPEGImages/ance117.jpg 98,32,140,71,0 141,124,169,154,0
VOC2007/JPEGImages/ance12.jpg 159,49,209,87,0 194,165,242,219,0
VOC2007/JPEGImages/ance121.jpg 268,166,328,234,0
VOC2007/JPEGImages/ance130.jpg 55,95,87,143,0 76,41,110,58,0
VOC2007/JPEGImages/ance131.jpg 198,318,282,383,0
VOC2007/JPEGImages/ance138.jpg 209,158,254,207,0
VOC2007/JPEGImages/ance14.jpg 416,361,644,698,0
VOC2007/JPEGImages/ance141.jpg 109,52,210,108,0 44,183,113,249,0
VOC2007/JPEGImages/ance142.jpg 11,112,46,152,1 37,33,84,66,1
VOC2007/JPEGImages/ance144.jpg 431,47,541,125,0 102,577,206,695,0 428,587,511,711,0
VOC2007/JPEGImages/ance145.jpg 130,145,592,340,0 536,746,660,900,0
VOC2007/JPEGImages/ance15.jpg 227,364,325,573,0
VOC2007/JPEGImages/ance156.jpg 153,125,194,171,0
VOC2007/JPEGImages/ance160.jpg 276,90,475,215,0 120,414,229,510,0 439,420,549,520,0
VOC2007/JPEGImages/ance163.jpg 68,541,252,683,0
VOC2007/JPEGImages/ance18.jpg 191,162,237,218,0
VOC2007/JPEGImages/ance185.jpg 143,133,239,219,0
VOC2007/JPEGImages/ance187.jpg 726,967,993,1217,0 1399,967,1620,1197,0
VOC2007/JPEGImages/ance188.jpg 182,89,236,148,0
VOC2007/JPEGImages/ance192.jpg 199,189,248,221,0 63,224,122,267,0
VOC2007/JPEGImages/ance195.jpg 328,272,512,474,0
VOC2007/JPEGImages/ance196.jpg 38,167,76,206,0 158,186,187,223,0
VOC2007/JPEGImages/ance201.jpg 177,140,273,340,0
VOC2007/JPEGImages/ance202.jpg 163,214,280,369,0
VOC2007/JPEGImages/ance206.jpg 248,28,287,58,0
VOC2007/JPEGImages/ance233.jpg 319,118,507,229,0 197,524,449,770,0
VOC2007/JPEGImages/ance239.jpg 225,156,313,288,0
VOC2007/JPEGImages/ance248.jpg 132,98,229,212,0
VOC2007/JPEGImages/ance249.jpg 89,167,132,216,0 203,178,240,220,0 144,105,174,151,0
VOC2007/JPEGImages/ance267.jpg 176,199,263,356,0
VOC2007/JPEGImages/ance270.jpg 513,148,744,518,0
VOC2007/JPEGImages/ance274.jpg 74,60,218,152,0 141,406,213,538,0
VOC2007/JPEGImages/ance28.jpg 112,111,146,156,0 222,134,257,171,0 148,205,204,232,0
VOC2007/JPEGImages/ance283.jpg 30,212,116,281,0 27,100,119,143,0
VOC2007/JPEGImages/ance288.jpg 167,245,215,284,0 263,16,416,59,0
VOC2007/JPEGImages/ance294.jpg 193,32,248,69,0 310,264,352,377,0
VOC2007/JPEGImages/ance303.jpg 225,87,446,232,0
VOC2007/JPEGImages/ance310.jpg 69,123,91,166,0
VOC2007/JPEGImages/ance315.jpg 276,560,660,694,0
VOC2007/JPEGImages/ance319.jpg 251,171,319,277,0 5,164,82,275,0
VOC2007/JPEGImages/ance323.jpg 640,414,736,543,0
VOC2007/JPEGImages/ance325.jpg 480,207,601,351,1
VOC2007/JPEGImages/ance329.jpg 72,91,183,185,1 374,111,426,250,1
VOC2007/JPEGImages/ance334.jpg 67,108,143,141,1 79,34,116,65,1
VOC2007/JPEGImages/ance335.jpg 53,74,155,114,0
VOC2007/JPEGImages/ance336.jpg 234,453,362,562,0 185,222,365,308,0
VOC2007/JPEGImages/ance337.jpg 199,91,315,144,0
VOC2007/JPEGImages/ance338.jpg 73,114,110,154,0 279,127,323,168,0
VOC2007/JPEGImages/ance35.jpg 93,171,126,215,0 192,180,215,205,0
VOC2007/JPEGImages/ance39.jpg 162,182,405,310,0 335,443,413,502,0
VOC2007/JPEGImages/ance4.jpg 157,145,329,205,0
VOC2007/JPEGImages/ance42.jpg 145,68,312,148,0 98,279,178,370,0 317,305,394,379,0
VOC2007/JPEGImages/ance47.jpg 399,640,652,909,0
VOC2007/JPEGImages/ance49.jpg 65,145,118,238,0 285,168,360,246,0
VOC2007/JPEGImages/ance50.jpg 82,150,180,233,0 328,117,392,170,0
VOC2007/JPEGImages/ance54.jpg 189,30,292,108,0
VOC2007/JPEGImages/ance61.jpg 242,124,295,224,0
VOC2007/JPEGImages/ance64.jpg 62,72,96,120,0 154,88,193,128,0 96,155,137,164,0
VOC2007/JPEGImages/ance74.jpg 447,190,501,288,0 374,47,422,80,0
VOC2007/JPEGImages/ance77.jpg 147,171,297,407,0
VOC2007/JPEGImages/ance78.jpg 198,27,253,94,0 143,241,181,341,0 295,262,333,340,0
VOC2007/JPEGImages/ance8.jpg 95,166,189,274,0 303,188,333,227,0
VOC2007/JPEGImages/ance87.jpg 149,145,208,193,0 256,97,306,150,0
VOC2007/JPEGImages/ance93.jpg 37,104,97,161,1 182,101,201,156,1
VOC2007/JPEGImages/ance96.jpg 111,192,181,277,0
VOC2007/JPEGImages/freckle1.jpg 336,321,454,420,1 491,386,554,517,1 243,365,296,419,1
VOC2007/JPEGImages/freckle103.jpg 527,178,734,278,1 758,243,823,394,1
VOC2007/JPEGImages/freckle105.jpg 340,242,507,291,1 379,385,603,461,1
VOC2007/JPEGImages/freckle107.jpg 221,151,463,289,1 181,443,485,594,1
VOC2007/JPEGImages/freckle108.jpg 258,600,402,700,1 556,565,697,648,1
VOC2007/JPEGImages/freckle109.jpg 58,160,81,181,0
VOC2007/JPEGImages/freckle11.jpg 296,310,398,473,1 494,341,697,463,1 433,507,571,561,1
VOC2007/JPEGImages/freckle112.jpg 581,399,699,576,1 927,409,1014,598,1
VOC2007/JPEGImages/freckle123.jpg 449,278,743,359,1
VOC2007/JPEGImages/freckle124.jpg 433,302,626,375,1
VOC2007/JPEGImages/freckle125.jpg 346,192,413,234,0
VOC2007/JPEGImages/freckle126.jpg 194,521,533,629,1 282,729,434,788,1
VOC2007/JPEGImages/freckle129.jpg 200,63,257,145,1 298,153,374,183,1
VOC2007/JPEGImages/freckle14.jpg 392,312,554,385,1 364,443,583,524,1
VOC2007/JPEGImages/freckle16.jpg 337,611,640,677,1
VOC2007/JPEGImages/freckle17.jpg 421,297,763,423,1
VOC2007/JPEGImages/freckle19.jpg 703,437,806,528,1 560,386,692,445,1
VOC2007/JPEGImages/freckle22.jpg 123,616,302,779,1 492,631,646,815,1 272,301,518,389,1
VOC2007/JPEGImages/freckle24.jpg 87,458,264,559,1 347,431,422,551,1 457,488,552,578,1
VOC2007/JPEGImages/freckle25.jpg 461,263,572,373,1 206,524,314,661,1 479,525,598,635,1
VOC2007/JPEGImages/freckle27.jpg 268,205,427,316,1 195,500,372,673,1 606,543,752,694,1
VOC2007/JPEGImages/freckle29.jpg 398,399,647,438,1
VOC2007/JPEGImages/freckle31.jpg 312,437,361,493,1
VOC2007/JPEGImages/freckle32.jpg 428,584,546,679,1 259,611,387,667,1
VOC2007/JPEGImages/freckle33.jpg 417,606,510,693,1 534,642,605,716,1
VOC2007/JPEGImages/freckle34.jpg 94,230,177,254,1 407,203,450,224,1
VOC2007/JPEGImages/freckle35.jpg 165,558,323,663,1 379,598,469,675,1 541,640,695,755,1
VOC2007/JPEGImages/freckle36.jpg 257,755,397,901,1 628,748,718,911,1
VOC2007/JPEGImages/freckle37.jpg 524,191,648,268,1
VOC2007/JPEGImages/freckle38.jpg 220,540,485,575,1
VOC2007/JPEGImages/freckle39.jpg 323,512,470,620,1 642,534,749,628,1
VOC2007/JPEGImages/freckle4.jpg 131,81,176,128,0 20,87,48,128,0
VOC2007/JPEGImages/freckle41.jpg 241,557,353,630,1 157,333,282,432,1 86,501,161,558,1
VOC2007/JPEGImages/freckle44.jpg 346,588,596,686,1
VOC2007/JPEGImages/freckle46.jpg 306,247,547,401,1
VOC2007/JPEGImages/freckle48.jpg 423,50,630,221,1 261,448,390,594,1 582,601,726,773,1
VOC2007/JPEGImages/freckle49.jpg 218,551,349,642,1 122,715,395,789,1 557,244,789,309,1 487,361,584,512,1 735,390,827,471,1
VOC2007/JPEGImages/freckle50.jpg 420,427,521,474,1
VOC2007/JPEGImages/freckle52.jpg 344,492,420,554,1
VOC2007/JPEGImages/freckle53.jpg 241,505,519,585,1 285,632,458,702,1
VOC2007/JPEGImages/freckle56.jpg 395,843,749,959,1 672,319,792,517,1
VOC2007/JPEGImages/freckle58.jpg 489,257,566,334,1 315,229,360,342,1
VOC2007/JPEGImages/freckle59.jpg 253,493,443,554,1
VOC2007/JPEGImages/freckle6.jpg 183,141,253,194,1 330,147,355,169,1
VOC2007/JPEGImages/freckle60.jpg 285,264,439,437,1
VOC2007/JPEGImages/freckle61.jpg 285,362,338,426,1 414,380,478,427,1 673,302,893,352,1 712,169,797,205,1
VOC2007/JPEGImages/freckle62.jpg 313,486,479,555,1
VOC2007/JPEGImages/freckle66.jpg 648,148,760,189,1 598,251,757,288,1
VOC2007/JPEGImages/freckle70.jpg 436,361,589,461,1 127,381,209,477,1
VOC2007/JPEGImages/freckle76.jpg 329,475,411,574,1
VOC2007/JPEGImages/freckle77.jpg 146,220,258,314,1 344,227,422,316,1 276,193,329,263,1
VOC2007/JPEGImages/freckle78.jpg 236,532,429,601,1
VOC2007/JPEGImages/freckle79.jpg 289,327,437,377,1 485,308,683,338,1
VOC2007/JPEGImages/freckle81.jpg 302,732,469,955,1 120,389,339,520,1
VOC2007/JPEGImages/freckle82.jpg 399,487,452,564,1
VOC2007/JPEGImages/freckle85.jpg 617,500,689,560,1
VOC2007/JPEGImages/freckle87.jpg 565,410,630,463,1 664,444,749,516,1
VOC2007/JPEGImages/freckle88.jpg 304,525,452,585,1 295,811,467,905,1 148,573,262,709,1
VOC2007/JPEGImages/freckle90.jpg 114,212,220,263,1 133,154,168,188,1
VOC2007/JPEGImages/freckle93.jpg 422,224,499,300,1 522,310,582,379,1 563,403,612,475,1
VOC2007/JPEGImages/freckle94.jpg 217,494,524,566,1
VOC2007/JPEGImages/freckle99.jpg 281,539,448,633,1
