VOC2007/imge_aug-10/ance107agu1.jpg 326,362,431,509,0
VOC2007/imge_aug-10/ance111agu1.jpg 226,141,376,337,0
VOC2007/imge_aug-10/ance120agu1.jpg 148,116,318,243,0
VOC2007/imge_aug-10/ance121agu1.jpg 262,161,333,238,0
VOC2007/imge_aug-10/ance12agu1.jpg 141,40,197,86,0 196,149,252,210,0
VOC2007/imge_aug-10/ance130agu1.jpg 54,111,94,164,0 65,54,102,77,0
VOC2007/imge_aug-10/ance131agu1.jpg 207,308,301,386,0
VOC2007/imge_aug-10/ance137agu1.jpg 514,408,731,571,0
VOC2007/imge_aug-10/ance144agu1.jpg 367,10,489,106,0 135,590,258,724,0 458,547,561,683,0
VOC2007/imge_aug-10/ance153agu1.jpg 79,123,143,186,0 80,14,164,58,0
VOC2007/imge_aug-10/ance15agu1.jpg 221,360,354,582,0
VOC2007/imge_aug-10/ance160agu1.jpg 222,64,440,221,0 125,426,249,539,0 440,376,566,493,0
VOC2007/imge_aug-10/ance163agu1.jpg 81,543,287,714,0
VOC2007/imge_aug-10/ance166agu1.jpg 193,38,345,184,0 167,329,245,398,0
VOC2007/imge_aug-10/ance17agu1.jpg 293,138,325,184,0
VOC2007/imge_aug-10/ance185agu1.jpg 118,157,228,258,0
VOC2007/imge_aug-10/ance187agu1.jpg 672,968,979,1260,0 1335,859,1593,1124,0
VOC2007/imge_aug-10/ance188agu1.jpg 176,87,239,155,0
VOC2007/imge_aug-10/ance196agu1.jpg 40,173,84,218,0 161,172,196,214,0
VOC2007/imge_aug-10/ance201agu1.jpg 169,145,299,359,0
VOC2007/imge_aug-10/ance202agu1.jpg 146,213,288,386,0
VOC2007/imge_aug-10/ance203agu1.jpg 150,164,260,219,0 241,367,285,414,0
VOC2007/imge_aug-10/ance206agu1.jpg 228,23,272,59,0
VOC2007/imge_aug-10/ance207agu1.jpg 69,86,140,138,0
VOC2007/imge_aug-10/ance208agu1.jpg 166,200,257,318,0
VOC2007/imge_aug-10/ance20agu1.jpg 56,192,138,270,0
VOC2007/imge_aug-10/ance216agu1.jpg 217,147,276,207,0
VOC2007/imge_aug-10/ance233agu1.jpg 260,94,464,236,0 210,504,501,790,0
VOC2007/imge_aug-10/ance247agu1.jpg 50,128,118,239,0 184,128,236,214,0
VOC2007/imge_aug-10/ance248agu1.jpg 129,86,244,215,0
VOC2007/imge_aug-10/ance249agu1.jpg 93,171,144,227,0 207,163,251,211,0 136,103,174,153,0
VOC2007/imge_aug-10/ance267agu1.jpg 159,193,272,363,0
VOC2007/imge_aug-10/ance270agu1.jpg 445,118,737,522,0
VOC2007/imge_aug-10/ance274agu1.jpg 30,68,188,184,0 156,410,250,552,0
VOC2007/imge_aug-10/ance283agu1.jpg 29,247,126,330,0 7,136,105,195,0
VOC2007/imge_aug-10/ance288agu1.jpg 170,263,224,309,0 225,2,383,71,0
VOC2007/imge_aug-10/ance28agu1.jpg 102,111,144,161,0 215,115,256,157,0 154,194,214,230,0
VOC2007/imge_aug-10/ance294agu1.jpg 156,47,216,93,0 311,258,372,376,0
VOC2007/imge_aug-10/ance295agu1.jpg 241,28,489,294,0 547,385,665,530,0
VOC2007/imge_aug-10/ance297agu1.jpg 89,172,196,314,0 99,115,140,158,0
VOC2007/imge_aug-10/ance30agu1.jpg 341,363,662,537,1
VOC2007/imge_aug-10/ance310agu1.jpg 67,150,96,197,0
VOC2007/imge_aug-10/ance315agu1.jpg 286,511,687,709,0
VOC2007/imge_aug-10/ance319agu1.jpg 236,149,321,265,0 -7,183,88,306,0
VOC2007/imge_aug-10/ance320agu1.jpg 117,369,287,498,0
VOC2007/imge_aug-10/ance329agu1.jpg 30,107,156,219,1 331,84,406,230,1
VOC2007/imge_aug-10/ance335agu1.jpg 42,87,149,144,0
VOC2007/imge_aug-10/ance337agu1.jpg 181,81,304,153,0
VOC2007/imge_aug-10/ance338agu1.jpg 68,131,111,177,0 273,107,324,155,0
VOC2007/imge_aug-10/ance35agu1.jpg 87,175,128,224,0 187,169,214,197,0
VOC2007/imge_aug-10/ance39agu1.jpg 111,162,373,331,0 327,418,414,490,0
VOC2007/imge_aug-10/ance42agu1.jpg 123,59,302,166,0 114,290,208,393,0 334,278,422,364,0
VOC2007/imge_aug-10/ance47agu1.jpg 395,620,691,929,0
VOC2007/imge_aug-10/ance49agu1.jpg 64,161,132,262,0 284,142,372,232,0
VOC2007/imge_aug-10/ance50agu1.jpg 78,179,189,277,0 315,109,387,173,0
VOC2007/imge_aug-10/ance61agu1.jpg 236,107,306,215,0
VOC2007/imge_aug-10/ance64agu1.jpg 59,92,101,146,0 153,91,198,137,0 107,167,149,183,0
VOC2007/imge_aug-10/ance76agu1.jpg 319,235,394,292,0
VOC2007/imge_aug-10/ance78agu1.jpg 172,35,238,110,0 155,258,210,363,0 309,252,360,336,0
VOC2007/imge_aug-10/ance87agu1.jpg 141,139,208,196,0 238,75,297,135,0
VOC2007/imge_aug-10/ance88agu1.jpg 170,51,224,130,0 186,233,278,290,0
VOC2007/imge_aug-10/ance8agu1.jpg 94,200,205,323,0 303,197,339,240,0
VOC2007/imge_aug-10/ance93agu1.jpg 25,131,94,198,1 167,110,195,168,1
VOC2007/imge_aug-10/ance96agu1.jpg 108,189,192,285,0
VOC2007/imge_aug-10/ance99agu1.jpg 56,100,226,209,0 107,297,184,398,0
VOC2007/imge_aug-10/freckle0agu1.jpg -14,41,165,211,1 15,371,146,512,1
VOC2007/imge_aug-10/freckle101agu1.jpg 259,259,412,350,1 370,345,560,488,1
VOC2007/imge_aug-10/freckle103agu1.jpg 512,155,734,290,1 751,204,841,364,1
VOC2007/imge_aug-10/freckle105agu1.jpg 325,244,498,321,1 388,368,622,482,1
VOC2007/imge_aug-10/freckle107agu1.jpg 147,160,409,338,1 158,444,483,645,1
VOC2007/imge_aug-10/freckle108agu1.jpg 261,613,420,737,1 548,528,702,634,1
VOC2007/imge_aug-10/freckle112agu1.jpg 581,381,728,576,1 923,336,1042,538,1
VOC2007/imge_aug-10/freckle117agu1.jpg 233,386,364,518,1 183,584,649,769,1
VOC2007/imge_aug-10/freckle123agu1.jpg 439,238,742,369,1
VOC2007/imge_aug-10/freckle124agu1.jpg 428,280,630,385,1
VOC2007/imge_aug-10/freckle125agu1.jpg 300,176,373,229,0
VOC2007/imge_aug-10/freckle126agu1.jpg 197,487,550,652,1 320,709,480,794,1
VOC2007/imge_aug-10/freckle128agu1.jpg 413,425,527,523,1 460,575,568,652,1
VOC2007/imge_aug-10/freckle129agu1.jpg 182,63,252,154,1 294,131,374,174,1
VOC2007/imge_aug-10/freckle131agu1.jpg 298,267,356,319,1
VOC2007/imge_aug-10/freckle16agu1.jpg 340,580,650,698,1
VOC2007/imge_aug-10/freckle19agu1.jpg 707,400,825,508,1 558,370,698,451,1
VOC2007/imge_aug-10/freckle1agu1.jpg 335,331,468,449,1 499,377,583,517,1 251,402,312,464,1
VOC2007/imge_aug-10/freckle22agu1.jpg 130,632,334,824,1 496,587,679,795,1 222,284,479,414,1
VOC2007/imge_aug-10/freckle25agu1.jpg 401,238,530,365,1 195,539,325,693,1 464,491,601,620,1
VOC2007/imge_aug-10/freckle26agu1.jpg 186,460,547,627,1
VOC2007/imge_aug-10/freckle29agu1.jpg 409,374,661,456,1
VOC2007/imge_aug-10/freckle31agu1.jpg 299,433,357,497,1
VOC2007/imge_aug-10/freckle32agu1.jpg 425,570,558,684,1 264,624,399,702,1
VOC2007/imge_aug-10/freckle33agu1.jpg 432,575,538,677,1 553,594,636,679,1
VOC2007/imge_aug-10/freckle35agu1.jpg 162,588,336,718,1 380,602,482,693,1 547,604,718,744,1
VOC2007/imge_aug-10/freckle36agu1.jpg 287,767,450,935,1 651,705,768,881,1
VOC2007/imge_aug-10/freckle37agu1.jpg 497,169,633,266,1
VOC2007/imge_aug-10/freckle38agu1.jpg 226,514,493,594,1
VOC2007/imge_aug-10/freckle39agu1.jpg 310,515,473,647,1 628,488,749,599,1
VOC2007/imge_aug-10/freckle40agu1.jpg 552,118,882,336,1 552,378,788,543,1 801,411,958,600,1
VOC2007/imge_aug-10/freckle42agu1.jpg -3,387,484,596,1
VOC2007/imge_aug-10/freckle49agu1.jpg 213,573,358,685,1 147,726,429,847,1 494,194,733,299,1 445,345,567,511,1 694,331,799,427,1
VOC2007/imge_aug-10/freckle4agu1.jpg 126,85,178,139,0 17,113,52,158,0
VOC2007/imge_aug-10/freckle52agu1.jpg 327,502,412,576,1
VOC2007/imge_aug-10/freckle53agu1.jpg 243,479,531,606,1 309,615,491,714,1
VOC2007/imge_aug-10/freckle56agu1.jpg 438,787,806,963,1 619,263,772,479,1
VOC2007/imge_aug-10/freckle57agu1.jpg 265,147,648,378,1 253,504,750,676,1
VOC2007/imge_aug-10/freckle58agu1.jpg 474,248,564,338,1 298,257,362,376,1
VOC2007/imge_aug-10/freckle59agu1.jpg 236,487,434,580,1
VOC2007/imge_aug-10/freckle5agu1.jpg 237,477,563,619,1 317,634,506,718,1
VOC2007/imge_aug-10/freckle60agu1.jpg 287,246,468,443,1
VOC2007/imge_aug-10/freckle61agu1.jpg 283,407,346,480,1 413,401,484,458,1 655,252,880,339,1 670,138,760,188,1
VOC2007/imge_aug-10/freckle62agu1.jpg 309,468,484,565,1
VOC2007/imge_aug-10/freckle66agu1.jpg 612,107,729,167,1 581,209,744,273,1
VOC2007/imge_aug-10/freckle67agu1.jpg 253,571,640,750,1
VOC2007/imge_aug-10/freckle68agu1.jpg 279,505,430,595,1 163,531,261,592,1
VOC2007/imge_aug-10/freckle69agu1.jpg 394,519,662,626,1
VOC2007/imge_aug-10/freckle6agu1.jpg 179,140,257,205,1 325,129,353,155,1
VOC2007/imge_aug-10/freckle70agu1.jpg 410,318,578,443,1 109,404,206,513,1
VOC2007/imge_aug-10/freckle74agu1.jpg 513,104,665,194,1 811,115,956,279,1 615,226,731,323,1 531,336,633,443,1
VOC2007/imge_aug-10/freckle77agu1.jpg 150,222,277,334,1 346,201,438,302,1 273,183,338,261,1
VOC2007/imge_aug-10/freckle78agu1.jpg 226,527,428,629,1
VOC2007/imge_aug-10/freckle79agu1.jpg 290,340,444,415,1 479,278,679,342,1
VOC2007/imge_aug-10/freckle81agu1.jpg 327,732,530,980,1 88,417,327,584,1
VOC2007/imge_aug-10/freckle82agu1.jpg 393,468,459,553,1
VOC2007/imge_aug-10/freckle85agu1.jpg 620,484,702,555,1
VOC2007/imge_aug-10/freckle87agu1.jpg 561,405,635,468,1 665,417,761,503,1
VOC2007/imge_aug-10/freckle88agu1.jpg 292,516,448,601,1 333,795,519,918,1 147,597,283,750,1
VOC2007/imge_aug-10/freckle92agu1.jpg 208,193,276,255,1 344,171,401,219,1
VOC2007/imge_aug-10/freckle94agu1.jpg 215,462,530,586,1
VOC2007/imge_aug-10/freckle99agu1.jpg 286,520,467,641,1
VOC2007/imge_aug-10/freckle9agu1.jpg 352,422,413,480,1 266,460,335,518,1
VOC2007/JPEGImages/ance112.jpg 81,122,161,206,0 263,131,312,198,0
VOC2007/JPEGImages/ance117.jpg 98,32,140,71,0 141,124,169,154,0
VOC2007/JPEGImages/ance120.jpg 177,133,332,234,0
VOC2007/JPEGImages/ance121.jpg 268,166,328,234,0
VOC2007/JPEGImages/ance131.jpg 198,318,282,383,0
VOC2007/JPEGImages/ance137.jpg 491,436,688,567,0
VOC2007/JPEGImages/ance138.jpg 209,158,254,207,0
VOC2007/JPEGImages/ance14.jpg 416,361,644,698,0
VOC2007/JPEGImages/ance141.jpg 109,52,210,108,0 44,183,113,249,0
VOC2007/JPEGImages/ance145.jpg 130,145,592,340,0 536,746,660,900,0
VOC2007/JPEGImages/ance15.jpg 227,364,325,573,0
VOC2007/JPEGImages/ance153.jpg 84,119,139,174,0 103,16,183,47,0
VOC2007/JPEGImages/ance156.jpg 153,125,194,171,0
VOC2007/JPEGImages/ance163.jpg 68,541,252,683,0
VOC2007/JPEGImages/ance185.jpg 143,133,239,219,0
VOC2007/JPEGImages/ance187.jpg 726,967,993,1217,0 1399,967,1620,1197,0
VOC2007/JPEGImages/ance195.jpg 328,272,512,474,0
VOC2007/JPEGImages/ance196.jpg 38,167,76,206,0 158,186,187,223,0
VOC2007/JPEGImages/ance20.jpg 63,185,134,252,0
VOC2007/JPEGImages/ance201.jpg 177,140,273,340,0
VOC2007/JPEGImages/ance202.jpg 163,214,280,369,0
VOC2007/JPEGImages/ance203.jpg 177,169,282,206,0 233,373,271,414,0
VOC2007/JPEGImages/ance206.jpg 248,28,287,58,0
VOC2007/JPEGImages/ance207.jpg 82,67,147,109,0
VOC2007/JPEGImages/ance216.jpg 221,139,272,191,0
VOC2007/JPEGImages/ance223.jpg 176,239,254,322,0
VOC2007/JPEGImages/ance233.jpg 319,118,507,229,0 197,524,449,770,0
VOC2007/JPEGImages/ance239.jpg 225,156,313,288,0
VOC2007/JPEGImages/ance247.jpg 51,103,102,207,0 183,125,222,205,0
VOC2007/JPEGImages/ance267.jpg 176,199,263,356,0
VOC2007/JPEGImages/ance268.jpg 152,315,185,367,0
VOC2007/JPEGImages/ance270.jpg 513,148,744,518,0
VOC2007/JPEGImages/ance274.jpg 74,60,218,152,0 141,406,213,538,0
VOC2007/JPEGImages/ance283.jpg 30,212,116,281,0 27,100,119,143,0
VOC2007/JPEGImages/ance288.jpg 167,245,215,284,0 263,16,416,59,0
VOC2007/JPEGImages/ance294.jpg 193,32,248,69,0 310,264,352,377,0
VOC2007/JPEGImages/ance295.jpg 345,33,556,265,0 588,418,685,548,0
VOC2007/JPEGImages/ance297.jpg 92,179,178,308,0 113,116,149,153,0
VOC2007/JPEGImages/ance30.jpg 389,386,693,509,1
VOC2007/JPEGImages/ance300.jpg 105,394,267,434,0
VOC2007/JPEGImages/ance303.jpg 225,87,446,232,0
VOC2007/JPEGImages/ance31.jpg 268,160,477,282,0
VOC2007/JPEGImages/ance310.jpg 69,123,91,166,0
VOC2007/JPEGImages/ance315.jpg 276,560,660,694,0
VOC2007/JPEGImages/ance319.jpg 251,171,319,277,0 5,164,82,275,0
VOC2007/JPEGImages/ance320.jpg 101,377,255,481,0
VOC2007/JPEGImages/ance329.jpg 72,91,183,185,1 374,111,426,250,1
VOC2007/JPEGImages/ance334.jpg 67,108,143,141,1 79,34,116,65,1
VOC2007/JPEGImages/ance335.jpg 53,74,155,114,0
VOC2007/JPEGImages/ance336.jpg 234,453,362,562,0 185,222,365,308,0
VOC2007/JPEGImages/ance338.jpg 73,114,110,154,0 279,127,323,168,0
VOC2007/JPEGImages/ance39.jpg 162,182,405,310,0 335,443,413,502,0
VOC2007/JPEGImages/ance4.jpg 157,145,329,205,0
VOC2007/JPEGImages/ance42.jpg 145,68,312,148,0 98,279,178,370,0 317,305,394,379,0
VOC2007/JPEGImages/ance47.jpg 399,640,652,909,0
VOC2007/JPEGImages/ance49.jpg 65,145,118,238,0 285,168,360,246,0
VOC2007/JPEGImages/ance54.jpg 189,30,292,108,0
VOC2007/JPEGImages/ance61.jpg 242,124,295,224,0
VOC2007/JPEGImages/ance64.jpg 62,72,96,120,0 154,88,193,128,0 96,155,137,164,0
VOC2007/JPEGImages/ance76.jpg 335,260,404,305,0
VOC2007/JPEGImages/ance8.jpg 95,166,189,274,0 303,188,333,227,0
VOC2007/JPEGImages/ance81.jpg 15,131,58,182,0 148,167,190,216,0
VOC2007/JPEGImages/ance87.jpg 149,145,208,193,0 256,97,306,150,0
VOC2007/JPEGImages/ance88.jpg 193,47,235,120,0 176,237,262,279,0
VOC2007/JPEGImages/ance96.jpg 111,192,181,277,0
VOC2007/JPEGImages/ance99.jpg 89,101,247,184,0 108,288,170,379,0
VOC2007/JPEGImages/freckle0.jpg 69,2,226,147,1 42,324,154,448,1
VOC2007/JPEGImages/freckle1.jpg 336,321,454,420,1 491,386,554,517,1 243,365,296,419,1
VOC2007/JPEGImages/freckle10.jpg 29,417,184,639,1 118,141,277,260,1 391,456,488,594,1
VOC2007/JPEGImages/freckle101.jpg 316,265,460,332,1 410,374,582,489,1
VOC2007/JPEGImages/freckle105.jpg 340,242,507,291,1 379,385,603,461,1
VOC2007/JPEGImages/freckle107.jpg 221,151,463,289,1 181,443,485,594,1
VOC2007/JPEGImages/freckle108.jpg 258,600,402,700,1 556,565,697,648,1
VOC2007/JPEGImages/freckle109.jpg 58,160,81,181,0
VOC2007/JPEGImages/freckle11.jpg 296,310,398,473,1 494,341,697,463,1 433,507,571,561,1
VOC2007/JPEGImages/freckle112.jpg 581,399,699,576,1 927,409,1014,598,1
VOC2007/JPEGImages/freckle117.jpg 270,371,383,485,1 176,616,631,724,1
VOC2007/JPEGImages/freckle124.jpg 433,302,626,375,1
VOC2007/JPEGImages/freckle125.jpg 346,192,413,234,0
VOC2007/JPEGImages/freckle126.jpg 194,521,533,629,1 282,729,434,788,1
VOC2007/JPEGImages/freckle128.jpg 440,413,542,494,1 461,568,560,629,1
VOC2007/JPEGImages/freckle129.jpg 200,63,257,145,1 298,153,374,183,1
VOC2007/JPEGImages/freckle14.jpg 392,312,554,385,1 364,443,583,524,1
VOC2007/JPEGImages/freckle16.jpg 337,611,640,677,1
VOC2007/JPEGImages/freckle17.jpg 421,297,763,423,1
VOC2007/JPEGImages/freckle18.jpg 730,246,831,310,1 679,401,921,479,1
VOC2007/JPEGImages/freckle19.jpg 703,437,806,528,1 560,386,692,445,1
VOC2007/JPEGImages/freckle25.jpg 461,263,572,373,1 206,524,314,661,1 479,525,598,635,1
VOC2007/JPEGImages/freckle26.jpg 187,494,535,602,1
VOC2007/JPEGImages/freckle29.jpg 398,399,647,438,1
VOC2007/JPEGImages/freckle31.jpg 312,437,361,493,1
VOC2007/JPEGImages/freckle32.jpg 428,584,546,679,1 259,611,387,667,1
VOC2007/JPEGImages/freckle35.jpg 165,558,323,663,1 379,598,469,675,1 541,640,695,755,1
VOC2007/JPEGImages/freckle36.jpg 257,755,397,901,1 628,748,718,911,1
VOC2007/JPEGImages/freckle37.jpg 524,191,648,268,1
VOC2007/JPEGImages/freckle38.jpg 220,540,485,575,1
VOC2007/JPEGImages/freckle42.jpg 25,402,498,531,1
VOC2007/JPEGImages/freckle44.jpg 346,588,596,686,1
VOC2007/JPEGImages/freckle46.jpg 306,247,547,401,1
VOC2007/JPEGImages/freckle48.jpg 423,50,630,221,1 261,448,390,594,1 582,601,726,773,1
VOC2007/JPEGImages/freckle52.jpg 344,492,420,554,1
VOC2007/JPEGImages/freckle53.jpg 241,505,519,585,1 285,632,458,702,1
VOC2007/JPEGImages/freckle54.jpg 512,316,599,518,1
VOC2007/JPEGImages/freckle55.jpg 150,148,190,178,0
VOC2007/JPEGImages/freckle56.jpg 395,843,749,959,1 672,319,792,517,1
VOC2007/JPEGImages/freckle57.jpg 337,178,695,350,1 259,550,748,639,1
VOC2007/JPEGImages/freckle58.jpg 489,257,566,334,1 315,229,360,342,1
VOC2007/JPEGImages/freckle59.jpg 253,493,443,554,1
VOC2007/JPEGImages/freckle6.jpg 183,141,253,194,1 330,147,355,169,1
VOC2007/JPEGImages/freckle61.jpg 285,362,338,426,1 414,380,478,427,1 673,302,893,352,1 712,169,797,205,1
VOC2007/JPEGImages/freckle62.jpg 313,486,479,555,1
VOC2007/JPEGImages/freckle66.jpg 648,148,760,189,1 598,251,757,288,1
VOC2007/JPEGImages/freckle67.jpg 250,597,623,713,1
VOC2007/JPEGImages/freckle68.jpg 277,519,419,585,1 160,516,251,562,1
VOC2007/JPEGImages/freckle70.jpg 436,361,589,461,1 127,381,209,477,1
VOC2007/JPEGImages/freckle72.jpg 394,391,535,517,1 351,209,496,282,1 582,304,667,376,1 520,145,582,202,1
VOC2007/JPEGImages/freckle77.jpg 146,220,258,314,1 344,227,422,316,1 276,193,329,263,1
VOC2007/JPEGImages/freckle78.jpg 236,532,429,601,1
VOC2007/JPEGImages/freckle79.jpg 289,327,437,377,1 485,308,683,338,1
VOC2007/JPEGImages/freckle81.jpg 302,732,469,955,1 120,389,339,520,1
VOC2007/JPEGImages/freckle82.jpg 399,487,452,564,1
VOC2007/JPEGImages/freckle85.jpg 617,500,689,560,1
VOC2007/JPEGImages/freckle87.jpg 565,410,630,463,1 664,444,749,516,1
VOC2007/JPEGImages/freckle88.jpg 304,525,452,585,1 295,811,467,905,1 148,573,262,709,1
VOC2007/JPEGImages/freckle9.jpg 351,388,404,438,1 259,412,321,460,1
VOC2007/JPEGImages/freckle92.jpg 211,180,271,233,1 349,181,400,221,1
VOC2007/JPEGImages/freckle94.jpg 217,494,524,566,1
VOC2007/JPEGImages/freckle99.jpg 281,539,448,633,1
VOC2007/imge_aug10/ance111agu2.jpg 211,153,361,349,0
VOC2007/imge_aug10/ance112agu2.jpg 71,101,165,197,0 252,141,312,216,0
VOC2007/imge_aug10/ance120agu2.jpg 189,127,359,253,0
VOC2007/imge_aug10/ance12agu2.jpg 169,51,225,97,0 181,171,237,233,0
VOC2007/imge_aug10/ance130agu2.jpg 51,72,90,125,0 86,23,123,46,0
VOC2007/imge_aug10/ance131agu2.jpg 178,311,272,390,0
VOC2007/imge_aug10/ance138agu2.jpg 205,134,258,190,0
VOC2007/imge_aug10/ance141agu2.jpg 117,29,227,102,0 29,147,108,224,0
VOC2007/imge_aug10/ance144agu2.jpg 476,75,598,171,0 53,540,176,674,0 371,606,475,742,0
VOC2007/imge_aug10/ance145agu2.jpg 187,91,676,364,0 489,754,638,927,0
VOC2007/imge_aug10/ance153agu2.jpg 80,106,144,169,0 121,8,205,52,0
VOC2007/imge_aug10/ance15agu2.jpg 197,351,330,574,0
VOC2007/imge_aug10/ance160agu2.jpg 308,90,526,248,0 103,382,227,496,0 415,443,541,561,0
VOC2007/imge_aug10/ance163agu2.jpg 35,505,241,676,0
VOC2007/imge_aug10/ance166agu2.jpg 259,63,411,208,0 150,317,228,386,0
VOC2007/imge_aug10/ance16agu2.jpg 373,75,770,371,0 704,664,950,892,0
VOC2007/imge_aug10/ance17agu2.jpg 294,172,326,217,0
VOC2007/imge_aug10/ance185agu2.jpg 158,96,268,198,0
VOC2007/imge_aug10/ance187agu2.jpg 743,929,1049,1221,0 1409,1046,1667,1311,0
VOC2007/imge_aug10/ance188agu2.jpg 178,82,242,149,0
VOC2007/imge_aug10/ance192agu2.jpg 195,199,249,239,0 53,210,119,263,0
VOC2007/imge_aug10/ance201agu2.jpg 153,119,282,333,0
VOC2007/imge_aug10/ance202agu2.jpg 155,197,298,370,0
VOC2007/imge_aug10/ance206agu2.jpg 262,29,305,65,0
VOC2007/imge_aug10/ance207agu2.jpg 92,39,163,91,0
VOC2007/imge_aug10/ance208agu2.jpg 161,208,252,326,0
VOC2007/imge_aug10/ance20agu2.jpg 61,166,142,244,0
VOC2007/imge_aug10/ance233agu2.jpg 359,118,563,260,0 145,497,436,783,0
VOC2007/imge_aug10/ance239agu2.jpg 230,155,340,301,0
VOC2007/imge_aug10/ance247agu2.jpg 39,69,107,180,0 169,114,221,199,0
VOC2007/imge_aug10/ance248agu2.jpg 115,92,230,221,0
VOC2007/imge_aug10/ance249agu2.jpg 78,154,129,210,0 189,185,233,232,0 143,102,181,153,0
VOC2007/imge_aug10/ance267agu2.jpg 166,192,279,361,0
VOC2007/imge_aug10/ance268agu2.jpg 129,306,170,363,0
VOC2007/imge_aug10/ance274agu2.jpg 106,34,264,150,0 105,386,199,529,0
VOC2007/imge_aug10/ance283agu2.jpg 26,162,123,245,0 47,51,145,109,0
VOC2007/imge_aug10/ance28agu2.jpg 114,106,155,156,0 220,147,261,190,0 136,204,196,241,0
VOC2007/imge_aug10/ance297agu2.jpg 73,170,180,312,0 121,112,163,155,0
VOC2007/imge_aug10/ance303agu2.jpg 255,78,498,259,0
VOC2007/imge_aug10/ance30agu2.jpg 419,364,740,538,1
VOC2007/imge_aug10/ance310agu2.jpg 68,92,98,138,0
VOC2007/imge_aug10/ance315agu2.jpg 245,540,647,739,0
VOC2007/imge_aug10/ance319agu2.jpg 245,183,330,299,0 3,133,98,256,0
VOC2007/imge_aug10/ance31agu2.jpg 267,146,494,303,0
VOC2007/imge_aug10/ance320agu2.jpg 70,355,239,484,0
VOC2007/imge_aug10/ance325agu2.jpg 460,231,604,393,1
VOC2007/imge_aug10/ance329agu2.jpg 102,62,228,174,1 388,135,464,281,1
VOC2007/imge_aug10/ance334agu2.jpg 65,80,146,126,1 90,9,132,46,1
VOC2007/imge_aug10/ance335agu2.jpg 61,45,169,102,0
VOC2007/imge_aug10/ance337agu2.jpg 209,83,332,156,0
VOC2007/imge_aug10/ance338agu2.jpg 74,91,117,137,0 274,139,325,187,0
VOC2007/imge_aug10/ance35agu2.jpg 92,161,132,210,0 191,187,218,216,0
VOC2007/imge_aug10/ance39agu2.jpg 193,167,454,336,0 330,454,417,526,0
VOC2007/imge_aug10/ance3agu2.jpg 112,26,173,69,0
VOC2007/imge_aug10/ance42agu2.jpg 155,51,333,159,0 70,251,165,354,0 284,315,373,401,0
VOC2007/imge_aug10/ance49agu2.jpg 54,119,122,220,0 269,180,356,270,0
VOC2007/imge_aug10/ance50agu2.jpg 78,105,189,203,0 331,115,404,178,0
VOC2007/imge_aug10/ance61agu2.jpg 228,131,297,239,0
VOC2007/imge_aug10/ance74agu2.jpg 435,208,505,314,0 399,54,452,95,0
VOC2007/imge_aug10/ance76agu2.jpg 340,274,416,330,0
VOC2007/imge_aug10/ance81agu2.jpg 16,86,67,144,0 141,145,191,201,0
VOC2007/imge_aug10/ance87agu2.jpg 148,141,215,199,0 261,113,320,173,0
VOC2007/imge_aug10/ance88agu2.jpg 204,39,258,118,0 160,223,252,279,0
VOC2007/imge_aug10/ance96agu2.jpg 100,182,184,278,0
VOC2007/imge_aug10/ance99agu2.jpg 111,80,281,189,0 95,267,172,368,0
VOC2007/imge_aug10/freckle101agu2.jpg 363,255,517,346,1 429,379,618,522,1
VOC2007/imge_aug10/freckle103agu2.jpg 526,166,747,301,1 733,270,823,430,1
VOC2007/imge_aug10/freckle105agu2.jpg 351,213,524,290,1 360,361,594,475,1
VOC2007/imge_aug10/freckle107agu2.jpg 278,113,541,291,1 186,393,512,595,1
VOC2007/imge_aug10/freckle108agu2.jpg 243,561,403,684,1 546,578,699,684,1
VOC2007/imge_aug10/freckle10agu2.jpg 9,365,200,611,1 162,109,340,254,1 373,466,493,619,1
VOC2007/imge_aug10/freckle112agu2.jpg 550,395,697,590,1 887,465,1006,666,1
VOC2007/imge_aug10/freckle113agu2.jpg 178,206,272,256,0
VOC2007/imge_aug10/freckle117agu2.jpg 292,343,423,474,1 158,567,625,753,1
VOC2007/imge_aug10/freckle11agu2.jpg 274,275,403,453,1 471,339,692,495,1 394,492,539,569,1
VOC2007/imge_aug10/freckle123agu2.jpg 446,268,750,398,1
VOC2007/imge_aug10/freckle125agu2.jpg 382,204,455,257,0
VOC2007/imge_aug10/freckle126agu2.jpg 175,495,528,660,1 234,715,394,799,1
VOC2007/imge_aug10/freckle129agu2.jpg 204,55,275,146,1 294,161,374,204,1
VOC2007/imge_aug10/freckle16agu2.jpg 325,588,635,705,1
VOC2007/imge_aug10/freckle19agu2.jpg 679,454,796,561,1 552,379,692,460,1
VOC2007/imge_aug10/freckle1agu2.jpg 324,290,458,408,1 460,381,545,521,1 233,318,295,380,1
VOC2007/imge_aug10/freckle22agu2.jpg 96,567,300,759,1 453,646,636,854,1 310,283,568,412,1
VOC2007/imge_aug10/freckle24agu2.jpg 98,406,290,536,1 356,425,450,556,1 459,500,568,605,1
VOC2007/imge_aug10/freckle25agu2.jpg 499,278,627,406,1 198,491,328,645,1 471,539,607,668,1
VOC2007/imge_aug10/freckle26agu2.jpg 173,467,535,634,1
VOC2007/imge_aug10/freckle27agu2.jpg 320,175,496,312,1 186,453,390,654,1 587,566,757,740,1
VOC2007/imge_aug10/freckle31agu2.jpg 315,433,373,497,1
VOC2007/imge_aug10/freckle33agu2.jpg 384,617,491,719,1 495,673,578,758,1
VOC2007/imge_aug10/freckle34agu2.jpg 82,202,168,240,1 396,229,442,258,1
VOC2007/imge_aug10/freckle35agu2.jpg 158,501,332,632,1 367,578,469,669,1 513,647,684,787,1
VOC2007/imge_aug10/freckle36agu2.jpg 208,713,371,881,1 571,770,688,946,1
VOC2007/imge_aug10/freckle37agu2.jpg 536,195,671,292,1
VOC2007/imge_aug10/freckle38agu2.jpg 210,518,477,599,1
VOC2007/imge_aug10/freckle40agu2.jpg 603,169,933,386,1 526,399,762,563,1 747,501,904,690,1
VOC2007/imge_aug10/freckle41agu2.jpg 222,539,344,630,1 173,303,313,423,1 81,457,165,526,1
VOC2007/imge_aug10/freckle42agu2.jpg 42,340,530,549,1
VOC2007/imge_aug10/freckle44agu2.jpg 339,565,603,705,1
VOC2007/imge_aug10/freckle46agu2.jpg 317,248,581,441,1
VOC2007/imge_aug10/freckle49agu2.jpg 214,507,359,619,1 94,652,376,772,1 606,263,845,368,1 501,366,623,532,1 753,438,858,534,1
VOC2007/imge_aug10/freckle50agu2.jpg 425,442,532,505,1
VOC2007/imge_aug10/freckle52agu2.jpg 353,471,439,546,1
VOC2007/imge_aug10/freckle54agu2.jpg 492,302,613,516,1
VOC2007/imge_aug10/freckle55agu2.jpg 150,143,195,179,0
VOC2007/imge_aug10/freckle56agu2.jpg 333,829,702,1005,1 682,361,835,577,1
VOC2007/imge_aug10/freckle57agu2.jpg 382,159,764,391,1 255,512,752,684,1
VOC2007/imge_aug10/freckle58agu2.jpg 490,254,579,343,1 317,196,381,315,1
VOC2007/imge_aug10/freckle59agu2.jpg 263,468,460,561,1
VOC2007/imge_aug10/freckle60agu2.jpg 254,254,436,451,1
VOC2007/imge_aug10/freckle61agu2.jpg 285,307,348,380,1 411,348,483,405,1 679,316,905,403,1 743,192,833,242,1
VOC2007/imge_aug10/freckle66agu2.jpg 672,174,789,234,1 605,267,768,331,1
VOC2007/imge_aug10/freckle67agu2.jpg 233,557,621,736,1
VOC2007/imge_aug10/freckle68agu2.jpg 265,507,416,597,1 153,484,251,545,1
VOC2007/imge_aug10/freckle6agu2.jpg 179,129,257,194,1 328,161,357,187,1
VOC2007/imge_aug10/freckle70agu2.jpg 441,381,609,506,1 134,347,231,455,1
VOC2007/imge_aug10/freckle72agu2.jpg 376,355,537,504,1 375,168,530,265,1 586,302,682,388,1 555,135,626,201,1
VOC2007/imge_aug10/freckle76agu2.jpg 335,452,433,564,1
VOC2007/imge_aug10/freckle77agu2.jpg 129,197,255,309,1 323,238,416,339,1 265,193,330,271,1
VOC2007/imge_aug10/freckle78agu2.jpg 238,504,440,606,1
VOC2007/imge_aug10/freckle79agu2.jpg 286,288,440,363,1 485,303,686,367,1
VOC2007/imge_aug10/freckle82agu2.jpg 389,496,454,581,1
VOC2007/imge_aug10/freckle85agu2.jpg 602,502,683,574,1
VOC2007/imge_aug10/freckle88agu2.jpg 307,509,464,594,1 243,789,429,912,1 132,529,268,683,1
VOC2007/imge_aug10/freckle90agu2.jpg 107,206,220,274,1 139,152,179,191,1
VOC2007/imge_aug10/freckle92agu2.jpg 208,157,276,219,1 346,182,403,230,1
VOC2007/imge_aug10/freckle93agu2.jpg 437,210,526,299,1 522,312,593,391,1 546,411,607,491,1
VOC2007/imge_aug10/freckle94agu2.jpg 209,472,524,596,1
VOC2007/imge_aug10/freckle9agu2.jpg 348,345,408,403,1 253,352,323,410,1
VOC2007/imge_aug90/ance107agu3.jpg 112,489,247,572,0
VOC2007/imge_aug90/ance111agu3.jpg 126,176,304,297,0
VOC2007/imge_aug90/ance112agu3.jpg 137,20,221,100,0 145,202,212,251,0
VOC2007/imge_aug90/ance117agu3.jpg 108,98,147,140,0 25,141,55,169,0
VOC2007/imge_aug90/ance120agu3.jpg 290,251,391,407,0
VOC2007/imge_aug90/ance12agu3.jpg 213,154,251,204,0 81,189,135,237,0
VOC2007/imge_aug90/ance131agu3.jpg 115,234,180,318,0
VOC2007/imge_aug90/ance141agu3.jpg 287,8,343,109,0 146,-56,212,12,0
VOC2007/imge_aug90/ance142agu3.jpg 55,-26,95,8,1 141,-1,174,46,1
VOC2007/imge_aug90/ance144agu3.jpg 574,531,652,641,0 4,202,122,306,0 -12,528,112,611,0
VOC2007/imge_aug90/ance145agu3.jpg 779,289,974,752,0 219,696,373,820,0
VOC2007/imge_aug90/ance14agu3.jpg 295,558,632,786,0
VOC2007/imge_aug90/ance153agu3.jpg 136,73,191,128,0 263,92,294,172,0
VOC2007/imge_aug90/ance156agu3.jpg 163,176,209,217,0
VOC2007/imge_aug90/ance15agu3.jpg 126,327,335,425,0
VOC2007/imge_aug90/ance163agu3.jpg 66,278,208,462,0
VOC2007/imge_aug90/ance16agu3.jpg 871,447,1108,809,0 390,868,584,1084,0
VOC2007/imge_aug90/ance185agu3.jpg 437,70,523,166,0
VOC2007/imge_aug90/ance187agu3.jpg 1050,1050,1300,1317,0 1070,1723,1300,1944,0
VOC2007/imge_aug90/ance188agu3.jpg 203,84,262,138,0
VOC2007/imge_aug90/ance192agu3.jpg 123,266,155,315,0 77,130,120,189,0
VOC2007/imge_aug90/ance195agu3.jpg 421,455,623,640,0
VOC2007/imge_aug90/ance196agu3.jpg 69,87,108,125,0 52,207,89,236,0
VOC2007/imge_aug90/ance201agu3.jpg 152,70,352,166,0
VOC2007/imge_aug90/ance202agu3.jpg 217,215,372,332,0
VOC2007/imge_aug90/ance203agu3.jpg 364,258,401,363,0 156,314,197,352,0
VOC2007/imge_aug90/ance206agu3.jpg 330,137,360,176,0
VOC2007/imge_aug90/ance207agu3.jpg 295,-13,337,52,0
VOC2007/imge_aug90/ance208agu3.jpg 119,235,226,309,0
VOC2007/imge_aug90/ance223agu3.jpg 176,125,259,203,0
VOC2007/imge_aug90/ance233agu3.jpg 575,434,686,622,0 34,312,280,564,0
VOC2007/imge_aug90/ance239agu3.jpg 271,305,403,393,0
VOC2007/imge_aug90/ance247agu3.jpg 160,-71,264,-19,0 162,61,242,100,0
VOC2007/imge_aug90/ance248agu3.jpg 66,83,180,180,0
VOC2007/imge_aug90/ance249agu3.jpg 91,77,140,120,0 87,191,129,228,0 156,132,202,162,0
VOC2007/imge_aug90/ance267agu3.jpg 168,250,325,338,0
VOC2007/imge_aug90/ance283agu3.jpg 276,-51,345,34,0 414,-54,457,37,0
VOC2007/imge_aug90/ance288agu3.jpg 275,87,314,135,0 500,183,543,336,0
VOC2007/imge_aug90/ance28agu3.jpg 156,133,201,167,0 141,243,178,278,0 80,169,107,225,0
VOC2007/imge_aug90/ance294agu3.jpg 505,128,542,183,0 197,245,310,287,0
VOC2007/imge_aug90/ance300agu3.jpg -4,149,36,311,0
VOC2007/imge_aug90/ance303agu3.jpg 467,325,612,546,0
VOC2007/imge_aug90/ance30agu3.jpg 704,523,827,827,1
VOC2007/imge_aug90/ance315agu3.jpg 201,404,335,788,0
VOC2007/imge_aug90/ance319agu3.jpg 159,313,265,381,0 161,67,272,144,0
VOC2007/imge_aug90/ance31agu3.jpg 346,188,468,397,0
VOC2007/imge_aug90/ance320agu3.jpg 31,174,135,328,0
VOC2007/imge_aug90/ance325agu3.jpg 241,383,385,504,1
VOC2007/imge_aug90/ance329agu3.jpg 415,161,509,272,1 350,463,489,515,1
VOC2007/imge_aug90/ance334agu3.jpg 204,-39,237,36,1 280,-27,311,9,1
VOC2007/imge_aug90/ance335agu3.jpg 260,-21,300,80,0
VOC2007/imge_aug90/ance336agu3.jpg 93,328,202,456,0 347,279,433,459,0
VOC2007/imge_aug90/ance337agu3.jpg 303,147,356,263,0
VOC2007/imge_aug90/ance35agu3.jpg 139,148,183,181,0 149,247,174,270,0
VOC2007/imge_aug90/ance3agu3.jpg 331,9,365,65,0
VOC2007/imge_aug90/ance42agu3.jpg 301,95,381,262,0 79,48,170,128,0 70,267,144,344,0
VOC2007/imge_aug90/ance47agu3.jpg 305,534,574,787,0
VOC2007/imge_aug90/ance49agu3.jpg 138,13,231,66,0 130,233,208,308,0
VOC2007/imge_aug90/ance4agu3.jpg 194,157,254,329,0
VOC2007/imge_aug90/ance54agu3.jpg 416,264,494,367,0
VOC2007/imge_aug90/ance61agu3.jpg 125,192,225,245,0
VOC2007/imge_aug90/ance64agu3.jpg 192,-53,240,-19,0 184,38,224,77,0 148,-19,157,21,0
VOC2007/imge_aug90/ance74agu3.jpg 286,332,384,386,0 494,259,527,307,0
VOC2007/imge_aug90/ance76agu3.jpg 297,421,342,490,0
VOC2007/imge_aug90/ance78agu3.jpg 373,90,440,145,0 126,35,226,73,0 127,187,205,225,0
VOC2007/imge_aug90/ance88agu3.jpg 310,127,383,169,0 151,110,193,196,0
VOC2007/imge_aug90/ance8agu3.jpg 304,-95,412,-1,0 351,112,390,142,0
VOC2007/imge_aug90/ance93agu3.jpg 279,-21,336,38,1 284,123,339,142,1
VOC2007/imge_aug90/ance96agu3.jpg 100,156,185,226,0
VOC2007/imge_aug90/ance99agu3.jpg 340,163,423,322,0 145,183,236,245,0
VOC2007/imge_aug90/freckle0agu3.jpg 773,171,918,328,1 472,144,596,256,1
VOC2007/imge_aug90/freckle101agu3.jpg 666,516,733,660,1 509,610,624,782,1
VOC2007/imge_aug90/freckle103agu3.jpg 587,193,687,400,1 471,424,622,489,1
VOC2007/imge_aug90/freckle10agu3.jpg 193,195,415,351,1 572,284,691,443,1 238,558,376,655,1
VOC2007/imge_aug90/freckle112agu3.jpg 423,381,600,499,1 401,727,590,814,1
VOC2007/imge_aug90/freckle113agu3.jpg 534,581,570,670,0
VOC2007/imge_aug90/freckle117agu3.jpg 565,418,679,531,1 326,324,434,779,1
VOC2007/imge_aug90/freckle11agu3.jpg 359,129,522,231,1 369,327,491,530,1 271,266,325,404,1
VOC2007/imge_aug90/freckle123agu3.jpg 493,278,574,572,1
VOC2007/imge_aug90/freckle124agu3.jpg 461,270,534,463,1
VOC2007/imge_aug90/freckle125agu3.jpg 514,496,556,563,0
VOC2007/imge_aug90/freckle126agu3.jpg 223,364,331,703,1 64,452,123,604,1
VOC2007/imge_aug90/freckle129agu3.jpg 273,117,355,174,1 235,215,265,291,1
VOC2007/imge_aug90/freckle131agu3.jpg 387,312,430,363,1
VOC2007/imge_aug90/freckle14agu3.jpg 613,191,686,353,1 474,163,555,382,1
VOC2007/imge_aug90/freckle18agu3.jpg 756,431,820,532,1 587,380,665,622,1
VOC2007/imge_aug90/freckle19agu3.jpg 471,503,562,606,1 554,360,613,492,1
VOC2007/imge_aug90/freckle1agu3.jpg 432,165,531,283,1 335,320,466,383,1 433,72,487,125,1
VOC2007/imge_aug90/freckle24agu3.jpg 436,290,537,467,1 444,550,564,625,1 417,660,507,755,1
VOC2007/imge_aug90/freckle25agu3.jpg 626,661,736,772,1 338,406,475,514,1 364,679,474,798,1
VOC2007/imge_aug90/freckle26agu3.jpg 250,357,358,705,1
VOC2007/imge_aug90/freckle29agu3.jpg 414,227,453,476,1
VOC2007/imge_aug90/freckle32agu3.jpg 388,560,483,678,1 400,391,456,519,1
VOC2007/imge_aug90/freckle33agu3.jpg 159,587,246,680,1 136,704,210,775,1
VOC2007/imge_aug90/freckle34agu3.jpg 172,21,196,104,1 202,334,223,377,1
VOC2007/imge_aug90/freckle35agu3.jpg 429,271,534,429,1 417,485,494,575,1 337,647,452,801,1
VOC2007/imge_aug90/freckle36agu3.jpg 182,373,328,513,1 172,744,335,834,1
VOC2007/imge_aug90/freckle37agu3.jpg 584,353,661,477,1
VOC2007/imge_aug90/freckle38agu3.jpg 277,391,312,656,1
VOC2007/imge_aug90/freckle40agu3.jpg 663,390,830,696,1 460,348,589,565,1 359,590,528,720,1
VOC2007/imge_aug90/freckle41agu3.jpg 222,413,295,525,1 420,329,519,453,1 294,258,351,333,1
VOC2007/imge_aug90/freckle42agu3.jpg 464,228,593,701,1
VOC2007/imge_aug90/freckle44agu3.jpg 433,506,531,756,1
VOC2007/imge_aug90/freckle4agu3.jpg 185,46,232,91,0 185,-64,226,-36,0
VOC2007/imge_aug90/freckle52agu3.jpg 514,474,576,550,1
VOC2007/imge_aug90/freckle53agu3.jpg 289,366,369,644,1 172,410,242,583,1
VOC2007/imge_aug90/freckle54agu3.jpg 481,312,683,399,1
VOC2007/imge_aug90/freckle55agu3.jpg 181,150,211,190,0
VOC2007/imge_aug90/freckle57agu3.jpg 729,456,901,814,1 440,378,529,867,1
VOC2007/imge_aug90/freckle58agu3.jpg 518,318,595,395,1 510,144,623,189,1
VOC2007/imge_aug90/freckle59agu3.jpg 447,451,508,641,1
VOC2007/imge_aug90/freckle60agu3.jpg 159,200,332,354,1
VOC2007/imge_aug90/freckle61agu3.jpg 572,84,636,137,1 571,213,618,277,1 646,472,696,692,1 793,511,829,596,1
VOC2007/imge_aug90/freckle62agu3.jpg 333,448,402,614,1
VOC2007/imge_aug90/freckle66agu3.jpg 663,477,704,589,1 564,427,601,586,1
VOC2007/imge_aug90/freckle69agu3.jpg 520,476,582,738,1
VOC2007/imge_aug90/freckle6agu3.jpg 224,102,277,172,1 249,249,271,274,1
VOC2007/imge_aug90/freckle70agu3.jpg 371,603,471,756,1 355,294,451,376,1
VOC2007/imge_aug90/freckle77agu3.jpg 166,77,260,189,1 164,275,253,353,1 217,207,287,260,1
VOC2007/imge_aug90/freckle78agu3.jpg 398,436,467,629,1
VOC2007/imge_aug90/freckle79agu3.jpg 475,118,525,266,1 514,314,544,512,1
VOC2007/imge_aug90/freckle85agu3.jpg 516,494,576,566,1
VOC2007/imge_aug90/freckle88agu3.jpg 413,504,473,652,1 93,495,187,667,1 289,348,425,462,1
VOC2007/imge_aug90/freckle90agu3.jpg 110,188,161,294,1 185,207,219,242,1
VOC2007/imge_aug90/freckle92agu3.jpg 318,73,371,133,1 330,211,370,262,1
VOC2007/imge_aug90/freckle93agu3.jpg 594,293,670,370,1 515,393,584,453,1 419,434,491,483,1
VOC2007/imge_aug90/freckle99agu3.jpg 219,451,313,618,1
VOC2007/imge_aug90/freckle9agu3.jpg 561,151,611,204,1 539,59,587,121,1
